139 1111111
140 1111110
31 1111101
211 111110011
238 111110010111
251 1111100101101
241 1111100101100
232 11111001010
16 1111100100
212 111110001
220 111110000
116 111101
118 111100
114 111011
136 1110101
137 1110100
81 11100
79 11011
76 11010
115 110011
117 110010
75 11000
69 10111
77 10110
70 10101
72 10100
71 10011
74 10010
29 1000111
222 100011011
224 100011010
24 10001100
135 1000101
32 1000100
73 10000
133 0111111
225 011111011
214 011111010
202 01111100
113 011110
112 011101
134 0111001
210 011100011
208 011100010
223 011100001
229 0111000001
10 01110000001
12 01110000000
38 011011
110 011010
213 011001111
207 011001110
217 011001101
215 011001100
131 0110010
221 011000111
21 011000110
216 011000101
219 011000100
132 0110000
111 010111
129 0101101
130 0101100
127 0101011
201 01010101
218 010101001
209 010101000
33 0101001
128 0101000
108 010011
109 010010
18 0100011111
17 0100011110
206 010001110
25 01000110
126 0100010
39 010000
107 001111
106 001110
200 00110111
165 00110110
163 00110101
199 00110100
105 001100
40 001011
205 001010111
247 00101011011111
248 00101011011110
250 00101011011101
244 00101011011100
7 00101011011011
253 00101011011010
254 0010101101100
13 00101011010
228 0010101100
191 00101010
125 0010100
103 001001
104 001000
167 00011111
161 00011110
34 0001110
101 000110
100 000101
41 000100
198 00001111
184 00001110
124 0000110
102 000010
98 000001
162 00000011
190 00000010
166 00000001
188 00000000
197 11111111
192 11111110
204 111111011
19 1111110101
230 11111101001
239 1111110100011
242 11111101000101
243 11111101000100
233 111111010000
159 11111100
99 111110
185 11110111
195 11110110
123 1111010
193 11110011
194 11110010
26 11110001
164 11110000
42 111011
97 111010
196 11100111
187 11100110
186 11100101
158 11100100
96 111000
43 110111
95 110110
122 1101011
145 11010101
168 11010100
189 11010011
227 1101001011
234 110100101011
8 1101001010101
237 1101001010100
231 11010010100
22 110100100
183 11010001
143 11010000
93 110011
35 1100101
160 11001001
156 11001000
94 110001
44 110000
181 10111111
169 10111110
144 10111101
180 10111100
92 101110
49 101101
45 101100
154 10101111
146 10101110
157 10101101
172 10101100
47 101010
27 10100111
150 10100110
171 10100101
151 10100100
48 101000
91 100111
46 100110
121 1001011
149 10010101
179 10010100
152 10010011
175 10010010
182 10010001
226 1001000011
9 100100001011
246 10010000101011
252 100100001010101
3 100100001010100111
4 1001000010101001101
1 10010000101010011001
0 1001000010101001100011
2 1001000010101001100010
6 1001000010101001100001
5 1001000010101001100000
249 10010000101010010
245 1001000010101000
240 10010000101001
255 10010000101000
14 10010000100
23 100100000
90 100011
54 100010
50 100001
51 100000
52 011111
170 01111011
173 01111010
153 01111001
148 01111000
55 011101
53 011100
56 011011
57 011010
155 01100111
28 01100110
36 0110010
89 011000
88 010111
178 01011011
141 01011010
120 0101100
87 010101
203 010100111
20 0101001101
11 010100110011
235 0101001100101
236 0101001100100
15 01010011000
177 01010010
142 01010001
147 01010000
86 010011
58 010010
62 010001
85 010000
60 001111
64 001110
61 001101
84 001100
59 001011
65 001010
82 001001
174 00100011
176 00100010
119 0010000
63 000111
37 0001101
30 00011001
138 00011000
66 000101
67 000100
83 000011
80 000010
78 000001
68 000000
